Symmetric matrix A:

        77          6         99         28         35         85         82          5 
         6         51         71         12         33          6         36         28 
        99         71         12         86         77         54          3         98 
        28         12         86         77         65         13         46         90 
        35         33         77         65         25         44         60         65 
        85          6         54         13         44         66         62          4 
        82         36          3         46         60         62         71         73 
         5         28         98         90         65          4         73         75 
Eigenvalue-decomp:
V^T A V = D? True
V D V^T = A? True
V^T V = I? True
V V^T = I? True
