sqrt2 = 1.4142135623731, sqrt2^2 = 2
2^(1/5) = 1.14869835499704, (2^(1/5))^5 = 2
e^pi = 23.1406926327793, ln(e^pi) = 3.14159265358979
pi^e = 22.459157718361, 
gamma(1) = 0.999999989064903
gamma(2) = 0.999999989064903
gamma(3) = 1.99999997812981
gamma(10) = 362879.997652016
lngamma(-1) = NaN
lngamma(1) = -1.09350976051914E-08
lngamma(10) = 12.8018274736111
