Sin(1) = 0.841470984807897, Cos(1) = 0.54030230586814
Sin(2) = 0.909297426825682, Cos(2) = -0.416146836547142
Sin(3) = 0.141120008059867, Cos(3) = -0.989992496600445
